72357 OUN Norman Observations at 18Z 24 May 2011

-----------------------------------------------------------------------------
   PRES   HGHT   TEMP   DWPT   RELH   MIXR   DRCT   SKNT   THTA   THTE   THTV
    hPa     m      C      C      %    g/kg    deg   knot     K      K      K
-----------------------------------------------------------------------------
  964.0    345   25.8   21.2     50     8.00    160     11  300.0  340.0  301.0
  953.0    447   24.2   20.8     50     8.00    162     14  300.0  340.0  301.0
  935.5    610   22.6   20.9     50     8.00    165     19  300.0  340.0  301.0
  925.0    710   21.6   20.9     50     8.00    165     19  300.0  340.0  301.0
  910.0    852   20.4   20.4     50     8.00    172     21  300.0  340.0  301.0
  903.5    914   20.0   20.0     50     8.00    175     22  300.0  340.0  301.0
  872.1   1219   18.3   17.8     50     8.00    190     30  300.0  340.0  301.0
  850.0   1440   17.0   16.2     50     8.00    200     31  300.0  340.0  301.0
  849.0   1450   17.0   16.1     50     8.00    200     31  300.0  340.0  301.0
  839.0   1551   16.0   14.6     50     8.00    204     31  300.0  340.0  301.0
  837.0   1572   15.8   13.5     50     8.00    205     31  300.0  340.0  301.0
  832.0   1623   15.2    6.2     50     8.00    207     31  300.0  340.0  301.0
  829.0   1653   15.0    4.0     50     8.00    208     31  300.0  340.0  301.0
  827.0   1674   16.0    4.0     50     8.00    209     31  300.0  340.0  301.0
  821.0   1736   20.2    7.2     50     8.00    211     31  300.0  340.0  301.0
  819.0   1757   21.0    7.0     50     8.00    212     31  300.0  340.0  301.0
  812.2   1829   20.6    5.1     50     8.00    215     31  300.0  340.0  301.0
  787.0   2100   19.0   -2.0     50     8.00    206     34  300.0  340.0  301.0
  783.9   2134   18.7   -2.3     50     8.00    205     34  300.0  340.0  301.0
  756.2   2438   16.1   -4.9     50     8.00    205     38  300.0  340.0  301.0
  729.4   2743   13.6   -7.5     50     8.00    205     37  300.0  340.0  301.0
  700.0   3090   10.6  -10.4     50     8.00    205     37  300.0  340.0  301.0
  659.0   3588    6.2  -13.8     50     8.00    205     34  300.0  340.0  301.0
  653.4   3658    5.7  -14.1     50     8.00    205     34  300.0  340.0  301.0
  609.0   4229    1.4  -16.6     50     8.00    224     35  300.0  340.0  301.0
  606.1   4267    1.3  -17.0     50     8.00    225     35  300.0  340.0  301.0
  598.0   4375    1.0  -18.0     50     8.00    227     36  300.0  340.0  301.0
  561.1   4877   -3.5  -21.7     50     8.00    235     40  300.0  340.0  301.0
  519.3   5486   -9.0  -26.1     50     8.00    215     39  300.0  340.0  301.0
  514.0   5567   -9.7  -26.7     50     8.00    218     40  300.0  340.0  301.0
  500.0   5780  -11.1  -27.1     50     8.00    225     43  300.0  340.0  301.0
  479.7   6096  -13.6  -29.6     50     8.00    225     50  300.0  340.0  301.0
  474.0   6188  -14.3  -30.3     50     8.00    225     50  300.0  340.0  301.0
  468.0   6285  -14.1  -30.1     50     8.00    226     50  300.0  340.0  301.0
  430.0   6923  -17.9  -35.9     50     8.00    228     48  300.0  340.0  301.0
  400.0   7460  -22.3  -40.3     50     8.00    230     47  300.0  340.0  301.0
  391.2   7620  -23.7  -41.5     50     8.00    230     48  300.0  340.0  301.0
  375.0   7925  -26.3  -43.9     50     8.00    235     46  300.0  340.0  301.0
  342.0   8588  -32.1  -49.1     50     8.00    243     55  300.0  340.0  301.0
  315.8   9144  -36.4  -52.8     50     8.00    250     63  300.0  340.0  301.0
  300.0   9500  -39.1  -55.1     50     8.00    255     70  300.0  340.0  301.0
  289.0   9754  -41.2  -56.0     50     8.00    255     74  300.0  340.0  301.0
  282.0   9919  -42.5  -56.5     50     8.00    255     75  300.0  340.0  301.0
  261.0  10435  -45.9  -59.9     50     8.00    255     78  300.0  340.0  301.0
  250.0  10720  -46.9  -60.9     50     8.00    255     79  300.0  340.0  301.0
  221.0  11528  -50.8  -63.6     50     8.00    260     83  300.0  340.0  301.0
  219.2  11582  -51.1  -63.8     50     8.00    260     83  300.0  340.0  301.0
  203.0  12084  -53.5  -65.5     50     8.00    256     76  300.0  340.0  301.0
  200.0  12180  -54.3  -66.3     50     8.00    255     75  300.0  340.0  301.0
  187.0  12608  -57.3  -68.3     50     8.00    258     72  300.0  340.0  301.0
  181.3  12802  -58.0  -69.0     50     8.00    260     70  300.0  340.0  301.0
  169.0  13245  -59.7  -70.7     50     8.00    255     53  300.0  340.0  301.0
  159.0  13627  -59.5  -70.5     50     8.00    251     38  300.0  340.0  301.0
  156.7  13716  -60.0  -71.0     50     8.00    250     34  300.0  340.0  301.0
  150.0  13990  -61.5  -72.5     50     8.00    245     33  300.0  340.0  301.0
  147.0  14115  -62.5  -72.5     50     8.00    245     32  300.0  340.0  301.0
  138.0  14503  -63.1  -73.1     50     8.00    245     30  300.0  340.0  301.0
  136.0  14592  -62.3  -72.3     50     8.00    245     29  300.0  340.0  301.0
  132.0  14776  -63.7  -73.7     50     8.00    245     28  300.0  340.0  301.0
  127.0  15011  -64.3  -74.3     50     8.00    245     26  300.0  340.0  301.0
  123.0  15207  -62.7  -72.7     50     8.00    245     25  300.0  340.0  301.0
  122.3  15240  -62.9  -72.9     50     8.00    245     25  300.0  340.0  301.0
  115.0  15618  -65.5  -75.5     50     8.00    242     24  300.0  340.0  301.0
  102.0  16341  -67.9  -77.9     50     8.00    235     21  300.0  340.0  301.0
  100.0  16460  -67.3  -77.3     50     8.00    235     27  300.0  340.0  301.0
   70.0  18620  -65.7  -75.7     50     8.00    215      1  300.0  340.0  301.0
   50.0  20670  -62.5  -73.5     50     8.00    290      1  300.0  340.0  301.0
Station information and sounding indices
                         Station identifier: OUN
                             Station number: 72357
                           Observation time: 110524/1800
                           Station latitude: 35.18
                          Station longitude: -97.44
                          Station elevation: 345.0
      Convective Available Potential Energy: 2885.40
             CAPE using virtual temperature: 3111.15
                      Convective Inhibition: -0.03
